4294967294,11
4294967294,68
4294967279,125
4294967279,123
4294967279,122
4294967279,120
4294967279,111
4294967279,109
4294967279,108
4294967279,106
4294967279,98
4294967279,97
4294967279,95
4294967279,89
4294967279,286
4294967278,290
4294967278,132
4294967278,131
4294967278,381
4294967278,130
4294967278,129
4294967278,251
4294967278,121
4294967278,120
4294967278,174
4294967278,117
4294967278,382
4294967278,106
4294967278,103
4294967278,101
4294967278,380
4294967278,98
4294967278,379
4294967278,96
4294967278,92
4294967278,86
4294967278,84
4294967278,79
4294967278,76
4294967278,74
4294967278,72
4294967278,71
4294967278,313
4294967278,62
4294967278,61
4294967278,60
4294967278,339
4294967278,51
4294967278,47
4294967278,46
4294967278,43
4294967278,41
4294967278,40
4294967278,377
4294967278,39
4294967278,38
4294967278,37
4294967278,36
4294967278,35
4294967278,304
4294967278,34
4294967278,293
4294967278,32
4294967278,29
4294967278,27
4294967278,26
4294967278,24
4294967278,337
4294967278,20
4294967278,283
4294967278,15
4294967278,282
4294967278,12
4294967278,10
4294967278,9
4294967279,132
4294967279,131
4294967279,315
4294967279,314
4294967279,87
4294967279,313
4294967279,86
4294967279,575
4294967279,85
4294967279,83
4294967279,573
4294967279,78
4294967279,71
4294967279,66
4294967279,63
4294967279,306
4294967279,62
4294967279,57
4294967279,52
4294967279,50
4294967279,43
4294967279,572
4294967279,40
4294967279,290
4294967279,36
4294967279,29
4294967279,27
4294967279,25
4294967279,24
4294967279,260
4294967279,570
4294967279,19
4294967279,5
4294967278,23
4294967279,324
4294967278,22
4294967278,289
4294967278,21
4294967278,18
4294967278,275
4294967278,13
4294967278,265
4294967278,388
4294967279,8
4294967279,525
4294967294,409
4294967294,413
4294967294,178
4294967294,384
4294967294,406
4294967294,410
4294967294,412
4294967294,160
4294967294,456
4294967294,454
4294967278,279
4294967279,524
4294967278,4
4294967279,523
4294967279,522
117,5
4294967279,521
117,4
117,3
117,2
117,1
4294967278,375
4294967279,517
4294967278,328
4294967278,327
116,4
116,3
116,2
116,1
4294967294,1004
4294967294,995
4294967294,1007
4294967279,323
4294967279,174
4294967278,115
4294967279,512
4294967278,114
4294967279,319
4294967278,112
4294967278,235
115,6
115,5
115,4
115,3
115,2
115,1
4294967278,224
4294967278,104
4294967279,218
4294967278,102
4294967278,209
4294967278,205
4294967279,566
4294967278,323
4294967279,550
4294967278,322
4294967279,322
4294967278,199
112,9
112,8
112,7
112,6
112,5
112,4
112,3
112,2
112,1
4294967279,276
4294967278,193
4294967278,77
4294967294,1418
4294967294,1417
4294967278,318
4294967279,321
4294967294,392
4294967294,120
4294967278,387
4294967278,260
4294967278,75
4294967278,316
4294967279,320
4294967278,57
4294967278,66
4294967279,546
4294967278,350
4294967278,177
4294967278,63
4294967279,176
4294967278,55
4294967279,55
4294967279,166
4294967294,1089
4294967294,1013
4294967279,53
4294967279,542
4294967278,347
4294967279,159
4294967279,160
4294967278,159
4294967278,45
4294967279,45
4294967279,156
4294967278,44
4294967278,345
4294967279,44
4294967279,291
4294967294,115
4294967278,42
4294967279,152
4294967279,150
4294967279,299
4294967278,33
4294967278,361
4294967278,145
4294967279,288
4294967294,50
4294967278,31
4294967278,292
4294967279,31
4294967278,386
4294967278,30
4294967279,30
4294967279,287
4294967294,473
4294967278,385
4294967278,28
4294967278,335
4294967278,266
4294967278,139
4294967279,26
4294967279,137
4294967278,25
4294967278,137
4294967279,134
4294967278,19
4294967278,284
4294967279,270
4294967278,288
4294967279,283
4294967278,8
4294967294,419
4294967294,1174
4294967294,1017
4294967294,9
4294967278,17
4294967278,286
4294967279,17
4294967278,16
4294967278,272
4294967279,16
4294967294,427
4294967279,265
4294967278,14
4294967278,271
4294967278,268
4294967279,263
4294967279,262
4294967278,11
4294967278,264
104,6
104,5
104,4
104,3
104,2
104,1
4294967279,258
4294967278,7
4294967278,263
4294967278,6
4294967279,6
4294967279,255
4294967278,5
4294967279,254
4294967279,4
4294967279,534
4294967278,384
4294967278,257
4294967279,130
4294967279,545
4294967278,359
4294967279,556
4294967279,514
4294967278,254
4294967278,252
4294967279,554
4294967279,513
4294967279,246
4294967278,245
4294967279,243
4294967278,242
4294967278,240
4294967278,238
4294967278,234
4294967278,232
4294967279,230
4294967294,1005
4294967294,168
4294967294,169
4294967294,113
4294967294,416
4294967278,227
4294967278,225
4294967294,182
4294967294,161
4294967294,1015
4294967278,219
4294967278,215
4294967278,213
99,7
99,6
4294967278,212
99,5
99,4
99,3
99,2
99,1
4294967278,355
4294967279,551
4294967278,374
4294967279,300
4294967278,372
4294967279,205
4294967278,204
4294967279,285
4294967278,202
4294967278,201
4294967278,200
4294967278,352
4294967278,320
4294967279,312
4294967294,1419
4294967278,369
4294967279,565
4294967278,192
4294967279,311
4294967278,187
4294967278,186
95,4
95,3
95,2
95,1
4294967279,549
4294967278,181
94,4
4294967278,180
94,3
94,2
94,1
4294967278,280
4294967278,179
93,6
4294967279,173
4294967279,244
93,5
